24 10
= 1 1 1 1 1 1  0 0 0 0 0 0  0 0 0 0 0 0  0 0 0 0 0 0   70
= 0 0 0 0 0 0  1 1 1 1 1 1  0 0 0 0 0 0  0 0 0 0 0 0   50
= 0 0 0 0 0 0  0 0 0 0 0 0  1 1 1 1 1 1  0 0 0 0 0 0   20
= 0 0 0 0 0 0  0 0 0 0 0 0  0 0 0 0 0 0  1 1 1 1 1 1   30

= 1 0 0 0 0 0  1 0 0 0 0 0  1 0 0 0 0 0  1 0 0 0 0 0   50
= 0 1 0 0 0 0  0 1 0 0 0 0  0 1 0 0 0 0  0 1 0 0 0 0   40
= 0 0 1 0 0 0  0 0 1 0 0 0  0 0 1 0 0 0  0 0 1 0 0 0   10
= 0 0 0 1 0 0  0 0 0 1 0 0  0 0 0 1 0 0  0 0 0 1 0 0   15
= 0 0 0 0 1 0  0 0 0 0 1 0  0 0 0 0 1 0  0 0 0 0 1 0   25
= 0 0 0 0 0 1  0 0 0 0 0 1  0 0 0 0 0 1  0 0 0 0 0 1   30
+ + + + + +  + + + + + +  + + + + + +  + + + + + +  

-6	-3	-1	-5	-7	-4	
-8	-4	-2	-4	-3	-6	
-3	-5	-5	-6	-2	-4	
-5	-1	-1	-3	-6	-2


4 4
= 1 1 0 0 5
= 0 0 1 1 5
= 1 0 1 0 5
= 0 1 0 1 5
+ + + +
-5 0 0 -5

3 3
< 1 1 3 30
< 2 2 5 24
< 4 1 2 36
+ + +
3 1 2